3.683847764e-07 1 
3.674580611e-07 1 
3.766269815e-07 3 
3.859037093e-07 5 
4.078073909e-07 9 
4.353921577e-07 15 
4.632415513e-07 25 
5.20743017e-07 41 
6.172618511e-07 67 
7.863633719e-07 109 
1.042326763e-06 177 
1.43851442e-06 287 
2.083012029e-06 465 
3.19374475e-06 753 
4.914154717e-06 1219 
7.709818434e-06 1973 
1.277950442e-05 3193 
1.963476075e-05 5167 
3.203982443e-05 8361 
5.085638731e-05 13529 
8.139573498e-05 21891 
0.0001314543901 35421 
0.0002187228784 57313 
0.0003443166954 92735 
0.0005701612536 150049 
0.000917687156 242785 
0.001475510324 392835 
0.002369257683 635621 
0.003781864151 1028457 
0.00613995092 1664079 
0.01007305 2692537 
0.01627940323 4356617 
0.02610312821 7049155 
0.04256158333 11405773 
0.07063353333 18454929 
0.1122036667 29860703 
0.1822271667 48315633 
0.29274875 78176337 
0.4677063333 126491971 
0.7625625 204668309 
1.230869 331160281 
2.030154 535828591 
3.206766 866988873 
5.254825 1402817465 
8.470865 2269806339 
13.664355 3672623805 
22.713672 5942430145 
36.264815 9615053951 
58.32499 1.55574841e+10 
103.699817 2.517253805e+10 
167.662651 4.073002215e+10 
